Zählrohrwinkel	Rate bei 35kV
2*theta/°	R(35kV)/Imp/s

8.0	88.0
8.4	68.0
8.8	40.0
9.2	41.0
9.6	44.0
10.0	72.0
10.4	109.0
10.8	113.0
11.2	162.0
11.6	176.0
12.0	193.0
12.4	209.0
12.8	212.0
13.2	240.0
13.6	240.0
14.0	233.0
14.4	241.0
14.8	247.0
15.2	260.0
15.6	268.0
16.0	252.0
16.4	269.0
16.7	279.0
17.2	294.0
17.6	299.0
18.0	318.0
18.4	311.0
18.8	334.0
19.2	373.0
19.6	317.0
20.0	326.0
20.4	348.0
20.8	384.0
21.2	345.0
21.6	323.0
22.0	358.0
22.4	381.0
22.8	380.0
23.2	352.0
23.6	367.0
24.0	312.0
24.4	366.0
24.8	320.0
25.2	320.0
25.6	326.0
26.0	341.0
26.4	306.0
26.8	257.0
27.2	272.0
27.6	244.0
28.0	205.0
28.4	205.0
28.8	181.0
29.2	183.0
29.6	186.0
30.0	169.0
30.4	208.0
30.8	203.0
31.2	218.0
31.6	175.0
32.0	175.0
32.4	154.0
32.8	192.0
33.2	184.0
33.6	186.0
34.0	195.0
34.4	178.0
34.8	152.0
35.2	165.0
35.5	147.0
36.0	148.0
36.4	139.0
36.8	143.0
37.2	134.0
37.5	167.0
38.0	139.0
38.4	143.0
38.8	129.0
39.2	142.0
39.5	141.0
40.0	150.0
40.4	726.0
40.8	2223.0
41.2	355.0
41.5	243.0
42.0	197.0
42.4	194.0
42.8	159.0
43.2	168.0
43.6	174.0
44.0	169.0
44.4	187.0
44.8	402.0
45.2	9822.0
45.5	5305.0
46.0	362.0
46.4	222.0
46.8	180.0
47.2	174.0
47.6	166.0
48.0	122.0
48.4	134.0
48.8	141.0
49.2	104.0
49.6	97.0
50.0	117.0
50.4	103.0
50.8	100.0
51.2	102.0
51.6	103.0
52.0	115.0
52.4	94.0
52.8	93.0
53.2	78.0
53.6	91.0
54.0	68.0
54.4	79.0
54.8	59.0
55.2	81.0
55.6	69.0
56.0	83.0
56.4	66.0
56.8	71.0
57.2	64.0
57.6	57.0
58.0	58.0
58.4	43.0
58.8	70.0
59.2	51.0
59.6	42.0
60.0	46.0
60.4	45.0
60.8	47.0
61.2	39.0
61.6	32.0
62.0	45.0
62.4	27.0
62.8	29.0
63.2	29.0
63.6	39.0
64.0	46.0
64.4	38.0
64.8	31.0
65.2	26.0
65.6	44.0
66.0	34.0
66.4	41.0
66.8	41.0
67.2	27.0
67.6	33.0
68.0	24.0
68.4	34.0
68.8	28.0
69.1	33.0
69.6	31.0
70.0	22.0
70.4	25.0
70.8	30.0
71.2	20.0
71.6	24.0
72.0	26.0
72.4	18.0
72.8	23.0
73.2	22.0
73.6	26.0
74.0	17.0
74.4	20.0
74.8	23.0
75.2	28.0
75.6	24.0
76.0	13.0
76.4	15.0
76.8	19.0
77.2	16.0
77.6	20.0
78.0	12.0
78.4	24.0
78.8	19.0
79.1	14.0
79.6	23.0
80.0	15.0
80.4	21.0
80.8	21.0
81.1	9.0
81.6	27.0
82.0	16.0
82.4	15.0
82.8	12.0
83.2	23.0
83.6	23.0
84.0	15.0
84.4	13.0
84.8	25.0
85.2	18.0
85.6	20.0
86.0	16.0
86.4	21.0
86.8	0.0
87.2	37.0
87.6	192.0
88.0	564.0
88.4	46.0
88.8	34.0
89.1	30.0
89.6	23.0
90.0	19.0
90.4	20.0
90.8	20.0
91.1	29.0
91.6	28.0
92.0	19.0
92.4	22.0
92.8	18.0
93.2	15.0
93.6	7.0
94.0	16.0
94.4	13.0
94.8	15.0
95.2	21.0
95.6	15.0
96.0	20.0
96.4	20.0
96.8	21.0
97.2	17.0
97.6	20.0
98.0	15.0
98.4	17.0
98.8	22.0
99.2	30.0
99.6	77.0
100.0	658.0
100.4	2077.0
100.8	839.0
101.2	59.0
101.6	32.0
102.0	31.0
102.4	36.0
102.8	0.0
103.2	22.0
103.6	17.0
104.0	19.0
104.4	21.0
104.8	22.0
105.2	12.0
105.6	20.0
106.0	17.0
106.4	15.0
106.8	12.0
107.2	15.0
107.6	13.0
108.0	11.0
108.4	19.0
108.8	12.0
109.2	9.0
109.6	13.0
110.0	12.0
110.4	12.0
110.8	17.0
111.2	17.0
111.6	15.0
112.0	8.0
112.4	14.0
112.8	16.0
113.2	17.0
113.6	10.0
114.0	19.0
114.4	8.0
114.8	13.0
115.2	14.0
115.6	9.0
116.0	18.0
116.4	7.0
116.8	19.0
117.2	16.0
117.6	8.0
118.0	11.0
118.4	17.0
118.8	16.0
119.2	10.0
119.6	18.0
120.0	12.0
120.4	10.0
120.8	19.0
