Zählrohrwinkel	Rate bei 17kV
2*theta/°	R(17kV)/Imp/s

8.0	0.0
8.4	2.0
8.8	1.0
9.2	3.0
9.6	1.0
10.0	0.0
10.4	2.0
10.8	0.0
11.2	1.0
11.6	2.0
12.0	1.0
12.4	0.0
12.8	3.0
13.2	1.0
13.6	1.0
14.0	3.0
14.4	1.0
14.8	0.0
15.2	1.0
15.6	2.0
16.0	2.0
16.4	0.0
16.7	0.0
17.2	0.0
17.6	1.0
18.0	3.0
18.4	0.0
18.8	3.0
19.2	2.0
19.6	3.0
20.0	3.0
20.4	5.0
20.8	10.0
21.2	26.0
21.6	26.0
22.0	27.0
22.4	36.0
22.8	29.0
23.2	32.0
23.6	46.0
24.0	37.0
24.4	46.0
24.8	56.0
25.2	40.0
25.6	41.0
26.0	49.0
26.4	36.0
26.8	28.0
27.2	24.0
27.6	36.0
28.0	20.0
28.4	41.0
28.8	27.0
29.2	24.0
29.6	33.0
30.0	18.0
