Zählrohrwinkel	Rate bei 14kV
2*theta/°	R(14kV)/Imp/s

10.0	0.0
10.4	0.0
10.8	0.0
11.2	2.0
11.6	0.0
12.0	0.0
12.4	2.0
12.8	2.0
13.2	1.0
13.6	0.0
14.0	2.0
14.4	0.0
14.8	0.0
15.2	0.0
15.6	2.0
16.0	1.0
16.4	0.0
16.7	1.0
17.2	1.0
17.6	0.0
18.0	1.0
18.4	0.0
18.8	1.0
19.2	0.0
19.6	0.0
20.0	0.0
20.4	0.0
20.8	1.0
21.2	1.0
21.6	0.0
22.0	1.0
22.4	0.0
22.8	1.0
23.2	0.0
23.6	1.0
24.0	1.0
24.4	6.0
24.8	3.0
25.2	6.0
25.6	6.0
26.0	12.0
26.4	14.0
26.8	11.0
27.2	12.0
27.6	18.0
28.0	11.0
28.4	13.0
28.8	19.0
29.2	16.0
29.6	16.0
30.0	13.0
30.4	16.0
30.8	18.0
31.2	19.0
31.6	16.0
32.0	6.0
32.4	12.0
32.8	19.0
33.2	23.0
33.6	4.0
34.0	11.0
34.4	16.0
34.8	13.0
35.2	9.0
35.5	10.0
36.0	11.0
36.4	14.0
36.8	22.0
37.2	16.0
37.5	6.0
38.0	7.0
38.4	12.0
38.8	9.0
39.2	7.0
39.5	8.0
40.0	7.0
