Zählrohrwinkel	Rate bei 35kV
2*theta/°	R(35kV)/Imp/s

4.0	2370.0
4.4	2340.0
4.8	1990.0
5.2	1543.0
5.6	1102.0
6.0	692.0
6.4	369.0
6.8	178.0
7.2	91.0
7.6	49.0
8.0	39.0
8.4	17.0
8.8	20.0
9.2	13.0
9.6	17.0
10.0	24.0
10.4	14.0
10.8	16.0
11.2	11.0
11.6	14.0
12.0	14.0
12.4	11.0
12.8	18.0
13.2	6.0
13.6	11.0
14.0	6.0
14.4	11.0
14.8	9.0
15.2	10.0
15.6	12.0
16.0	22.0
16.4	12.0
16.7	25.0
17.2	11.0
17.6	24.0
18.0	20.0
18.4	12.0
18.8	19.0
19.2	18.0
19.6	23.0
20.0	34.0
20.4	13.0
20.8	31.0
21.2	28.0
21.6	25.0
22.0	27.0
22.4	26.0
22.8	31.0
23.2	41.0
23.6	33.0
24.0	34.0
24.4	33.0
24.8	31.0
25.2	25.0
25.6	30.0
26.0	25.0
26.4	33.0
26.8	23.0
27.2	39.0
27.6	34.0
28.0	37.0
28.4	24.0
28.8	22.0
29.2	17.0
29.6	15.0
30.0	33.0
30.4	22.0
30.8	13.0
31.2	21.0
31.6	14.0
32.0	15.0
32.4	25.0
32.8	15.0
33.2	18.0
33.6	29.0
34.0	22.0
34.4	15.0
34.8	18.0
35.2	24.0
35.5	16.0
36.0	14.0
36.4	17.0
36.8	13.0
37.2	12.0
37.5	15.0
38.0	207.0
38.4	72.0
38.8	16.0
39.2	21.0
39.5	19.0
40.0	20.0
40.4	21.0
40.8	14.0
41.2	19.0
41.5	23.0
42.0	475.0
42.4	386.0
42.8	14.0
43.2	15.0
43.6	14.0
44.0	17.0
44.4	17.0
44.8	14.0
45.2	19.0
45.6	14.0
46.0	17.0
46.4	13.0
46.8	16.0
47.2	24.0
47.6	12.0
48.0	12.0
48.4	14.0
48.8	10.0
49.2	10.0
49.6	7.0
50.0	15.0
50.4	15.0
50.8	16.0
51.2	11.0
51.6	12.0
52.0	15.0
52.4	9.0
52.8	17.0
53.2	11.0
53.6	11.0
54.0	18.0
54.4	15.0
54.8	16.0
55.2	19.0
55.6	15.0
56.0	13.0
56.4	13.0
56.8	15.0
57.2	19.0
57.6	3.0
58.0	12.0
58.4	9.0
58.8	11.0
59.2	18.0
59.6	13.0
60.0	16.0
60.4	14.0
60.8	12.0
61.2	13.0
61.6	16.0
62.0	15.0
62.4	17.0
62.8	13.0
63.2	16.0
63.6	11.0
64.0	21.0
64.4	9.0
64.8	13.0
65.2	15.0
65.6	19.0
66.0	12.0
66.4	15.0
66.8	14.0
67.2	14.0
67.6	13.0
68.0	11.0
68.4	22.0
68.8	11.0
69.1	14.0
69.6	14.0
70.0	13.0
70.4	15.0
70.8	14.0
71.2	6.0
71.6	19.0
72.0	18.0
72.4	10.0
72.8	16.0
73.2	12.0
73.6	15.0
74.0	13.0
74.4	13.0
74.8	15.0
75.2	18.0
75.6	17.0
76.0	10.0
76.4	14.0
76.8	12.0
77.2	17.0
77.6	15.0
78.0	18.0
78.4	10.0
78.8	9.0
79.1	9.0
79.6	17.0
80.0	18.0
80.4	15.0
80.8	16.0
81.1	14.0
81.6	11.0
82.0	17.0
82.4	4.0
82.8	19.0
83.2	13.0
83.6	9.0
84.0	6.0
84.4	14.0
84.8	9.0
85.2	12.0
85.6	17.0
86.0	14.0
86.4	14.0
86.8	14.0
87.2	13.0
87.6	15.0
88.0	14.0
88.4	15.0
88.8	10.0
89.1	15.0
89.6	10.0
90.0	11.0
90.4	15.0
90.8	18.0
91.1	10.0
91.6	8.0
92.0	11.0
92.4	9.0
92.8	14.0
93.2	20.0
93.6	10.0
94.0	11.0
94.4	16.0
94.8	11.0
95.2	16.0
95.6	16.0
96.0	13.0
96.4	12.0
96.8	19.0
97.2	16.0
97.6	14.0
98.0	6.0
98.4	18.0
98.8	12.0
99.2	11.0
99.6	10.0
100.0	17.0
100.4	16.0
100.8	18.0
101.2	18.0
101.6	20.0
102.0	13.0
102.4	8.0
102.8	7.0
103.2	8.0
103.6	10.0
104.0	11.0
104.4	17.0
104.8	7.0
105.2	13.0
105.6	19.0
106.0	16.0
106.4	15.0
106.8	15.0
107.2	14.0
107.6	17.0
108.0	16.0
108.4	15.0
108.8	17.0
109.2	10.0
109.6	10.0
110.0	17.0
110.4	15.0
110.8	14.0
111.2	11.0
111.6	16.0
112.0	13.0
112.4	10.0
112.8	13.0
113.2	17.0
113.6	16.0
114.0	15.0
114.4	14.0
114.8	20.0
115.2	16.0
115.6	9.0
116.0	13.0
116.4	14.0
116.8	11.0
117.2	12.0
117.6	19.0
118.0	11.0
118.4	21.0
118.8	18.0
119.2	16.0
119.6	9.0
120.0	10.0
120.4	19.0
120.8	10.0
121.2	16.0
121.6	15.0
122.0	24.0
122.4	9.0
122.8	17.0
123.2	10.0
123.6	10.0
124.0	13.0
124.4	12.0
124.8	18.0
125.2	11.0
125.6	16.0
126.0	11.0
126.4	6.0
126.8	26.0
127.2	17.0
127.6	13.0
128.0	12.0
128.4	20.0
128.8	22.0
129.2	12.0
129.6	11.0
130.0	17.0
130.4	13.0
130.8	13.0
131.2	19.0
131.6	15.0
132.0	13.0
132.4	9.0
132.8	15.0
133.2	14.0
133.6	11.0
134.0	14.0
134.4	10.0
134.8	13.0
135.2	12.0
135.6	15.0
136.0	8.0
136.4	10.0
136.8	14.0
137.2	15.0
137.6	13.0
138.0	12.0
138.4	11.0
138.8	22.0
139.2	22.0
139.6	14.0
140.0	20.0
140.4	22.0
140.8	16.0
141.2	13.0
141.6	20.0
142.0	13.0
142.4	14.0
142.8	18.0
143.2	18.0
143.6	20.0
144.0	21.0
144.4	15.0
144.8	14.0
145.2	17.0
145.6	18.0
146.0	20.0
146.4	20.0
146.8	12.0
147.2	17.0
147.6	12.0
148.0	21.0
148.4	13.0
148.8	15.0
149.2	22.0
149.6	17.0
150.0	10.0
150.4	7.0
150.8	16.0
151.2	12.0
151.6	18.0
152.0	7.0
152.4	14.0
152.8	20.0
153.2	15.0
153.6	18.0
154.0	10.0
154.4	9.0
154.8	8.0
155.2	18.0
155.6	19.0
156.0	20.0
156.4	16.0
156.8	12.0
157.2	16.0
157.6	16.0
158.0	12.0
158.4	18.0
158.8	23.0
159.2	9.0
159.6	6.0
160.0	7.0
160.4	12.0
160.8	16.0
161.2	16.0
161.6	21.0
162.0	14.0
162.4	19.0
162.8	8.0
163.2	17.0
163.6	17.0
164.0	9.0
164.4	19.0
164.8	28.0
165.2	13.0
165.6	17.0
166.0	16.0
166.4	9.0
166.8	14.0
167.2	14.0
167.6	16.0
168.0	12.0
168.4	15.0
168.8	20.0
169.2	22.0
169.6	15.0
170.0	18.0
170.4	15.0
