Zählrohrwinkel	Rate bei 35kV
2*theta/°	R(35kV)/Imp/s

4.0	2925.0
4.4	2412.0
4.8	2035.0
5.2	1559.0
5.6	1133.0
6.0	682.0
6.4	373.0
6.8	172.0
7.2	72.0
7.6	61.0
8.0	50.0
8.4	31.0
8.8	29.0
9.2	35.0
9.6	38.0
10.0	37.0
10.4	34.0
10.8	34.0
11.2	32.0
11.6	36.0
12.0	45.0
12.4	50.0
12.8	45.0
13.2	40.0
13.6	46.0
14.0	49.0
14.4	30.0
14.8	44.0
15.2	51.0
15.6	45.0
16.0	50.0
16.4	54.0
16.7	52.0
17.2	53.0
17.6	41.0
18.0	45.0
18.4	45.0
18.8	59.0
19.2	44.0
19.6	52.0
20.0	46.0
20.4	46.0
20.8	34.0
21.2	52.0
21.6	39.0
22.0	40.0
22.4	27.0
22.8	39.0
23.2	40.0
23.6	41.0
24.0	38.0
24.4	44.0
24.8	37.0
25.2	38.0
25.6	28.0
26.0	27.0
26.4	29.0
26.8	31.0
27.2	32.0
27.6	28.0
28.0	32.0
28.4	32.0
28.8	25.0
29.2	34.0
29.6	33.0
30.0	28.0
30.4	28.0
30.8	28.0
31.2	40.0
31.6	24.0
32.0	30.0
32.4	24.0
32.8	31.0
33.2	29.0
33.6	22.0
34.0	23.0
34.4	17.0
34.8	22.0
35.2	22.0
35.5	29.0
36.0	19.0
36.4	16.0
36.8	21.0
37.2	28.0
37.5	21.0
38.0	21.0
38.4	14.0
38.8	23.0
39.2	32.0
39.5	14.0
40.0	27.0
40.4	188.0
40.8	30.0
41.2	15.0
41.5	17.0
42.0	26.0
42.4	16.0
42.8	21.0
43.2	12.0
43.6	10.0
44.0	23.0
44.4	20.0
44.8	474.0
45.2	112.0
45.6	28.0
46.0	17.0
46.4	12.0
46.8	12.0
47.2	20.0
47.6	8.0
48.0	20.0
48.4	21.0
48.8	8.0
49.2	14.0
49.6	12.0
50.0	15.0
50.4	15.0
50.8	9.0
51.2	14.0
51.6	6.0
52.0	13.0
52.4	11.0
52.8	12.0
53.2	9.0
53.6	7.0
54.0	9.0
54.4	14.0
54.8	10.0
55.2	13.0
55.6	11.0
56.0	14.0
56.4	8.0
56.8	8.0
57.2	7.0
57.6	11.0
58.0	9.0
58.4	6.0
58.8	10.0
59.2	4.0
59.6	7.0
60.0	3.0
60.4	18.0
60.8	10.0
61.2	3.0
61.6	10.0
62.0	11.0
62.4	6.0
62.8	10.0
63.2	4.0
63.6	13.0
64.0	4.0
64.4	14.0
64.8	10.0
65.2	6.0
65.6	12.0
66.0	8.0
66.4	12.0
66.8	6.0
67.2	8.0
67.6	5.0
68.0	7.0
68.4	5.0
68.8	9.0
69.1	9.0
69.6	6.0
70.0	8.0
70.4	10.0
70.8	6.0
71.2	5.0
71.6	3.0
72.0	6.0
72.4	7.0
72.8	7.0
73.2	6.0
73.6	7.0
74.0	6.0
74.4	3.0
74.8	5.0
75.2	9.0
75.6	6.0
76.0	9.0
76.4	11.0
76.8	3.0
77.2	8.0
77.6	4.0
78.0	2.0
78.4	7.0
78.8	3.0
79.1	6.0
79.6	9.0
80.0	5.0
80.4	8.0
80.8	3.0
81.1	6.0
81.6	5.0
82.0	4.0
82.4	6.0
82.8	2.0
83.2	4.0
83.6	8.0
84.0	9.0
84.4	5.0
84.8	2.0
85.2	11.0
85.6	6.0
86.0	10.0
86.4	3.0
86.8	3.0
87.2	5.0
87.6	6.0
88.0	4.0
88.4	4.0
88.8	8.0
89.1	2.0
89.6	6.0
90.0	57.0
90.4	18.0
90.8	5.0
91.1	7.0
91.6	6.0
92.0	6.0
92.4	1.0
92.8	7.0
93.2	5.0
93.6	4.0
94.0	13.0
94.4	10.0
94.8	8.0
95.2	6.0
95.6	4.0
96.0	6.0
96.4	2.0
96.8	7.0
97.2	7.0
97.6	10.0
98.0	4.0
98.4	5.0
98.8	7.0
99.2	4.0
99.6	5.0
100.0	6.0
100.4	11.0
100.8	6.0
101.2	2.0
101.6	8.0
102.0	10.0
102.4	11.0
102.8	206.0
103.2	94.0
103.6	11.0
104.0	7.0
104.4	6.0
104.8	8.0
105.2	9.0
105.6	6.0
106.0	7.0
106.4	6.0
106.8	7.0
107.2	7.0
107.6	7.0
108.0	3.0
108.4	3.0
108.8	6.0
109.2	6.0
109.6	6.0
110.0	0.0
110.4	7.0
110.8	6.0
111.2	5.0
111.6	6.0
112.0	1.0
112.4	1.0
112.8	2.0
113.2	7.0
113.6	7.0
114.0	3.0
114.4	9.0
114.8	6.0
115.2	6.0
115.6	3.0
116.0	4.0
116.4	8.0
116.8	2.0
117.2	5.0
117.6	6.0
118.0	2.0
118.4	4.0
118.8	1.0
119.2	8.0
119.6	4.0
120.0	7.0
120.4	3.0
120.8	4.0
121.2	3.0
121.6	9.0
122.0	4.0
122.4	11.0
122.8	3.0
123.2	7.0
123.6	5.0
124.0	4.0
124.4	6.0
124.8	5.0
125.2	4.0
125.6	4.0
126.0	5.0
126.4	8.0
126.8	3.0
127.2	4.0
127.6	2.0
128.0	4.0
128.4	6.0
128.8	5.0
129.2	8.0
129.6	4.0
130.0	2.0
130.4	8.0
130.8	8.0
131.2	6.0
131.6	4.0
132.0	3.0
132.4	7.0
132.8	4.0
133.2	7.0
133.6	3.0
134.0	7.0
134.4	6.0
134.8	3.0
135.2	7.0
135.6	5.0
136.0	2.0
136.4	6.0
136.8	4.0
137.2	4.0
137.6	3.0
138.0	5.0
138.4	8.0
138.8	1.0
139.2	5.0
139.6	6.0
140.0	5.0
140.4	5.0
140.8	3.0
141.2	7.0
141.6	3.0
142.0	7.0
142.4	10.0
142.8	6.0
143.2	3.0
143.6	4.0
144.0	7.0
144.4	3.0
144.8	5.0
145.2	5.0
145.6	8.0
146.0	5.0
146.4	6.0
146.8	7.0
147.2	1.0
147.6	4.0
148.0	3.0
148.4	6.0
148.8	7.0
149.2	4.0
149.6	6.0
150.0	6.0
150.4	9.0
150.8	6.0
151.2	6.0
151.6	3.0
152.0	2.0
152.4	4.0
152.8	0.0
153.2	6.0
153.6	3.0
154.0	5.0
154.4	5.0
154.8	5.0
155.2	3.0
155.6	4.0
156.0	4.0
156.4	5.0
156.8	10.0
157.2	5.0
157.6	1.0
158.0	10.0
158.4	8.0
158.8	10.0
159.2	5.0
159.6	12.0
160.0	6.0
160.4	8.0
160.8	6.0
161.2	5.0
161.6	3.0
162.0	9.0
162.4	5.0
162.8	7.0
163.2	6.0
163.6	4.0
164.0	7.0
164.4	5.0
164.8	6.0
165.2	6.0
165.6	6.0
166.0	9.0
166.4	6.0
166.8	7.0
167.2	8.0
167.6	3.0
168.0	0.0
168.4	5.0
168.8	8.0
169.2	5.0
169.6	4.0
170.0	5.0
170.4	5.0
